########## General ##########
# modules that are automatically created by MOP at startup
# the dict is set up like so: {ModuleClassName:{arg1: value1, arg2: value2}}
default_modules = {"Root": {"name": "root", "side": "M"}}

side_color = {
    "M": [1.0, 0.6, 0.0],
    "L": [0.0, 0.5, 1.0],
    "R": [1.0, 0.05, 0.05],
}


########## Custom Scripts ##########
general_scripts_dir = None  # {"relative": bool, "path": str}
project_scripts_dir = None  # {"relative": bool, "path": str}
asset_scripts_dir = {"relative": True, "path": "scripts"}


########## Assets ##########
asset_types = []  # List of asset types (str)


def get_asset_type():
    """Get the asset type of the asset currently open in maya.

    :rtype: str
    """
    return


# don't format the matrices with black
# fmt: off
default_module_placement = {
    'Spine': {
        "deform_joints": [
            [
                0.0, 1.0, 0.004, 0.0,
                0.0, 0.004, -1.0, 0.0,
                -1.0, 0.0, 0.0, 0.0,
                0.0, 96.751, -1.056, 1.0
            ],
            [
                0.0, 0.992, 0.128, 0.0,
                0.0, 0.128, -0.992, 0.0,
                -1.0, 0.0, 0.0, 0.0,
                0.0, 107.556, -0.165, 1.0
            ],
            [
                0.0, 0.993, -0.117, 0.0,
                -0.0, -0.117, -0.993, 0.0,
                -1.0, 0.0, 0.0, 0.0,
                0.0, 126.763, -1.516, 1.0
            ],
            [
                0.0, 0.986, -0.165, 0.0,
                -0.0, -0.165, -0.986, 0.0,
                -1.0, 0.0, 0.0, 0.0,
                0.0, 140.03, -3.498, 1.0
            ],
        ],
        "placement_locators": []
    },
    'Arm': {
        "deform_joints": [
            [
                0.645, -0.761, -0.072, 0.0,
                -0.068, 0.037, -0.997, 0.0,
                0.761, 0.648, -0.028, 0.0,
                17.7, 149.485, -9.62, 1.0
            ],
            [
                0.591, -0.675, 0.441, 0.0,
                0.267, -0.352, -0.897, 0.0,
                0.761, 0.648, -0.028, 0.0,
                37.265, 126.4, -11.82, 1.0
            ],
            [
                0.555, -0.7, 0.449, 0.0,
                -0.7, -0.685, -0.203, 0.0,
                0.449, -0.201, -0.87, 0.0,
                53.202, 108.182, 0.086, 1.0
            ],
        ],
        "placement_locators": []
    },
    'BipedLeg': {
        "deform_joints": [
            [
                -0.122, 0.992, 0.03, 0.0,
                -0.148, 0.012, -0.989, 0.0,
                -0.981, -0.125, 0.145, 0.0,
                9.006, 95.3, -0.53, 1.0
            ],
            [
                -0.071, 0.985, 0.156, 0.0,
                -0.064, 0.152, -0.986, 0.0,
                -0.995, -0.08, 0.052, 0.0,
                14.218, 53.067, -1.802, 1.0
            ],
            [
                -0.015, 1.0, 0.013, 0.0,
                -0.046, 0.012, -0.999, 0.0,
                -0.999, -0.015, 0.046, 0.0,
                17.076, 13.466, -8.072, 1.0
            ],
            [
                0.046, 0.002, 0.999, 0.0,
                -0.016, 1.0, -0.002, 0.0,
                -0.999, -0.015, 0.046, 0.0,
                17.909, 2.812, 8.355, 1.0
            ],
            [
                0.046, 0.002, 0.999, 0.0,
                -0.016, 1.0, -0.002, 0.0,
                -0.999, -0.015, 0.046, 0.0,
                18.196, 2.826, 14.638, 1.0
            ]
        ],
        "placement_locators": [
            [
                1.0, -0.0, -0.0, 0.0,
                0.0, 1.0, 0.004, 0.0,
                -0.0, -0.004, 1.0, 0.0,
                17.909, 2.812, 8.355, 1.0
            ],
            [
                1.0, -0.0, -0.0, 0.0,
                0.0, 1.0, 0.004, 0.0,
                -0.0, -0.004, 1.0, 0.0,
                18.342, -0.007, 10.67, 1.0
            ],
            [
                1.0, -0.0, -0.0, 0.0,
                0.0, 1.0, 0.004, 0.0,
                -0.0, -0.004, 1.0, 0.0,
                18.314, 0.0, 13.299, 1.0
            ],
            [
                1.0, -0.0, -0.0, 0.0,
                0.0, 1.0, 0.004, 0.0,
                -0.0, -0.004, 1.0, 0.0,
                17.687, 0.039, -13.913, 1.0
            ],
            [
                1.0, -0.0, -0.0, 0.0,
                0.0, 1.0, 0.004, 0.0,
                -0.0, -0.004, 1.0, 0.0,
                22.874, -0.035, -1.881, 1.0
            ],
            [
                1.0, -0.0, -0.0, 0.0,
                0.0, 1.0, 0.004, 0.0,
                -0.0, -0.004, 1.0, 0.0,
                14.244, -0.035, -0.67, 1.0
            ],
        ]
    },
    'QuadrupedLeg': {
        "deform_joints": [
            [
                0.0, -0.916, 0.402, 0.0,
                1.0, 0.0, 0.0, 0.0,
                0.0, 0.402, 0.916, 0.0,
                7.5, 36.238, 0.0, 1.0
            ],
            [
                0.0, -0.909, -0.417, 0.0,
                1.0, 0.0, 0.0, 0.0,
                0.0, -0.417, 0.909, 0.0,
                7.5, 23.103, 5.762, 1.0
            ],
            [
                0.0, -0.925, 0.38, 0.0,
                1.0, 0.0, 0.0, 0.0,
                0.0, 0.38, 0.925, 0.0,
                7.5, 10.463, -0.041, 1.0
            ],
            [
                0.0, -0.001, 1.0, 0.0,
                1.0, 0.0, 0.0, 0.0,
                0.0, 1.0, 0.001, 0.0,
                7.5, 0.015, 4.25, 1.0
            ],
            [
                0.0, -0.001, 1.0, 0.0,
                1.0, 0.0, 0.0, 0.0,
                0.0, 1.0, 0.001, 0.0,
                7.5, 0.01, 9.25, 1.0
            ],
        ],
        "placement_locators": [
            [
                1.0, 0.0, 0.0, 0.0,
                0.0, 1.0, 0.0, 0.0,
                0.0, 0.0, 1.0, 0.0,
                7.5, 0.0, 6.642, 1.0
            ],
            [
                1.0, 0.0, 0.0, 0.0,
                0.0, 1.0, 0.0, 0.0,
                0.0, 0.0, 1.0, 0.0,
                7.5, 0.015, 4.25, 1.0
            ],
            [
                1.0, 0.0, 0.0, 0.0,
                0.0, 1.0, 0.0, 0.0,
                0.0, 0.0, 1.0, 0.0,
                7.5, 0.01, 9.25, 1.0
            ],
            [
                1.0, 0.0, 0.0, 0.0,
                0.0, 1.0, 0.0, 0.0,
                0.0, 0.0, 1.0, 0.0,
                10.0, 0.0, 6.642, 1.0
            ],
            [
                1.0, 0.0, 0.0, 0.0,
                0.0, 1.0, 0.0, 0.0,
                0.0, 0.0, 1.0, 0.0,
                5.0, 0.0, 6.642, 1.0
            ],
        ]
    },
}

# resume formatting
# fmt: on
